1 845.1183474654745 0.32630976 0.02221819 0.62324304 -0.38135844 -2.03337185 -6.618796868893235 -824.023939783311 -0.24196597353496765
1 934.6734243389673 0.43695849 0.02432604 0.64646026 -1.28110112 -1.86661433 -8.088082201150431 -836.9374481673738 -0.09281709695031345
1 861.3818876019557 0.33931805 0.0241329 0.87991482 -0.926444 -1.18158917 -95.98764704599616 -826.120002567045 -12.5657747259261
1 3982.054058636283 0.16458564 0.02144165 0.44713855 -2.68924442 -2.11791304 -27.27379376513605 -823.5590943674266 -10.548999469392985
1 1994.1425706266089 0.12715039 0.02432402 0.87605988 -1.81757123 -0.33300842 -1534.254354109304 -2447.009333047924 -0.790371479055242
1 927.9364380558003 0.45769151 0.02205643 0.60351767 -0.2009068 -2.27828795 -154.86899390043723 -1826.729861312126 -12.543715414045371
1 2197.0922355770736 0.2032503 0.02180364 0.69896204 -2.97787188 0.88274761 -15.637906486874918 -912.2953947856989 -0.003136783226440497
1 1736.1708200820783 0.41242676 0.02386374 0.42247704 -2.4182246 -1.11696126 -284.94583573154955 -1912.0357882406774 -0.11061160484686017
1 2754.4937805722598 0.47066888 0.02075562 0.65888878 0.71510315 -0.53499529 -792.5301956661747 -935.6080377541945 -8.032586661709177
1 877.752591984031 0.44526121 0.02355387 0.89248554 -0.96707217 -3.46869216 -813.5630261407891 -1937.153182473631 -3.777571957839717
1 845.1183474654745 0.32630976 0.02221819 0.62324304 -0.38135844 -2.03337185 -52.71902213267802 -819.4741542987489 -5.559415552604182
1 880.5588993084667 0.44634891 0.02329809 0.62701067 -0.79185863 -2.05306988 -8.088082201150431 -836.9374481673738 -0.09281709695031345
1 861.3818876019557 0.33931805 0.0241329 0.87991482 -0.926444 -1.18158917 -52.61413384161288 -824.0848530754737 -3.8599123913801097
1 3982.054058636283 0.16458564 0.02144165 0.44713855 -2.68924442 -2.11791304 -27.27379376513605 -823.5590943674266 -10.548999469392985
1 1994.1425706266089 0.12715039 0.02432402 0.87605988 -1.81757123 -0.33300842 -1534.254354109304 -2447.009333047924 -0.790371479055242
1 927.9364380558003 0.45769151 0.02205643 0.60351767 -0.2009068 -2.27828795 -154.86899390043723 -1826.729861312126 -12.543715414045371
1 2197.0922355770736 0.2032503 0.02180364 0.69896204 -2.97787188 0.88274761 -15.637906486874918 -912.2953947856989 -0.003136783226440497
1 1628.1347940757346 0.37510099 0.02349614 0.47181344 -2.5180889 -0.76013019 -284.94583573154955 -1912.0357882406774 -0.11061160484686017
1 2754.4937805722598 0.47066888 0.02075562 0.65888878 0.71510315 -0.53499529 -616.4013181288931 -1006.5846634545984 -5.1488124922430085
1 867.678623201775 0.41460019 0.02372144 0.88884744 -0.95531397 -2.80678149 -813.5630261407891 -1937.153182473631 -3.777571957839717
1 845.1183474654745 0.32630976 0.02221819 0.62324304 -0.38135844 -2.03337185 -39.871757356806945 -820.9663409285544 -6.840524916413798
1 880.5588993084667 0.44634891 0.02329809 0.62701067 -0.79185863 -2.05306988 -8.088082201150431 -836.9374481673738 -0.09281709695031345
1 861.3818876019557 0.33931805 0.0241329 0.87991482 -0.926444 -1.18158917 -52.61413384161288 -824.0848530754737 -3.8599123913801097
1 3982.054058636283 0.16458564 0.02144165 0.44713855 -2.68924442 -2.11791304 -27.27379376513605 -823.5590943674266 -10.548999469392985
1 1994.1425706266089 0.12715039 0.02432402 0.87605988 -1.81757123 -0.33300842 -1534.254354109304 -2447.009333047924 -0.790371479055242
1 927.9364380558003 0.45769151 0.02205643 0.60351767 -0.2009068 -2.27828795 -154.86899390043723 -1826.729861312126 -12.543715414045371
1 2197.0922355770736 0.2032503 0.02180364 0.69896204 -2.97787188 0.88274761 -15.637906486874918 -912.2953947856989 -0.003136783226440497
1 1628.1347940757346 0.37510099 0.02349614 0.47181344 -2.5180889 -0.76013019 -284.94583573154955 -1912.0357882406774 -0.11061160484686017
1 2754.4937805722598 0.47066888 0.02075562 0.65888878 0.71510315 -0.53499529 -616.4013181288931 -1006.5846634545984 -5.1488124922430085
1 867.678623201775 0.41460019 0.02372144 0.88884744 -0.95531397 -2.80678149 -813.5630261407891 -1937.153182473631 -3.777571957839717
1 845.1183474654745 0.32630976 0.02221819 0.62324304 -0.38135844 -2.03337185 -39.871757356806945 -820.9663409285544 -6.840524916413798
1 880.5588993084667 0.44634891 0.02329809 0.62701067 -0.79185863 -2.05306988 -8.088082201150431 -836.9374481673738 -0.09281709695031345
1 861.3818876019557 0.33931805 0.0241329 0.87991482 -0.926444 -1.18158917 -52.61413384161288 -824.0848530754737 -3.8599123913801097
1 3338.131460453291 0.15668044 0.02205032 0.53771386 -2.50517322 -1.74099478 -27.27379376513605 -823.5590943674266 -10.548999469392985
1 1100.6658710365248 0.22155018 0.02423898 0.87777506 -1.42108185 -0.71056759 -952.9329239554263 -2385.1963639432547 -0.0021725546096231225
1 927.9364380558003 0.45769151 0.02205643 0.60351767 -0.2009068 -2.27828795 -18.799114802436197 -1070.2318662630091 -11.63488997107952
1 2197.0922355770736 0.2032503 0.02180364 0.69896204 -2.97787188 0.88274761 -15.637906486874918 -912.2953947856989 -0.003136783226440497
1 1628.1347940757346 0.37510099 0.02349614 0.47181344 -2.5180889 -0.76013019 -284.94583573154955 -1912.0357882406774 -0.11061160484686017
1 2754.4937805722598 0.47066888 0.02075562 0.65888878 0.71510315 -0.53499529 -616.4013181288931 -1006.5846634545984 -5.1488124922430085
1 867.678623201775 0.41460019 0.02372144 0.88884744 -0.95531397 -2.80678149 -813.5630261407891 -1937.153182473631 -3.777571957839717
1 845.1183474654745 0.32630976 0.02221819 0.62324304 -0.38135844 -2.03337185 -39.871757356806945 -820.9663409285544 -6.840524916413798
1 880.5588993084667 0.44634891 0.02329809 0.62701067 -0.79185863 -2.05306988 -8.088082201150431 -836.9374481673738 -0.09281709695031345
1 861.3818876019557 0.33931805 0.0241329 0.87991482 -0.926444 -1.18158917 -52.61413384161288 -824.0848530754737 -3.8599123913801097
1 3338.131460453291 0.15668044 0.02205032 0.53771386 -2.50517322 -1.74099478 -27.27379376513605 -823.5590943674266 -10.548999469392985
1 1100.6658710365248 0.22155018 0.02423898 0.87777506 -1.42108185 -0.71056759 -952.9329239554263 -2385.1963639432547 -0.0021725546096231225
1 927.9364380558003 0.45769151 0.02205643 0.60351767 -0.2009068 -2.27828795 -18.799114802436197 -1070.2318662630091 -11.63488997107952
1 2197.0922355770736 0.2032503 0.02180364 0.69896204 -2.97787188 0.88274761 -15.637906486874918 -912.2953947856989 -0.003136783226440497
1 1628.1347940757346 0.37510099 0.02349614 0.47181344 -2.5180889 -0.76013019 -284.94583573154955 -1912.0357882406774 -0.11061160484686017
1 1550.9923570764624 0.46542662 0.02128109 0.63652141 0.34507743 -1.23920502 -616.4013181288931 -1006.5846634545984 -5.1488124922430085
1 867.678623201775 0.41460019 0.02372144 0.88884744 -0.95531397 -2.80678149 -227.5764859994454 -1322.1257164656954 -1.290154611321587
1 833.9201457315369 0.33807632 0.02241853 0.65864042 -0.45785011 -2.13644499 -39.871757356806945 -820.9663409285544 -6.840524916413798
1 880.5588993084667 0.44634891 0.02329809 0.62701067 -0.79185863 -2.05306988 -5.718040287983587 -827.8268031192904 -0.3753023242628801
1 861.3818876019557 0.33931805 0.0241329 0.87991482 -0.926444 -1.18158917 -52.61413384161288 -824.0848530754737 -3.8599123913801097
1 3338.131460453291 0.15668044 0.02205032 0.53771386 -2.50517322 -1.74099478 -27.27379376513605 -823.5590943674266 -10.548999469392985
1 1100.6658710365248 0.22155018 0.02423898 0.87777506 -1.42108185 -0.71056759 -952.9329239554263 -2385.1963639432547 -0.0021725546096231225
1 866.3469189081362 0.39395939 0.02205514 0.58958523 -0.68878185 -2.16452856 -18.799114802436197 -1070.2318662630091 -11.63488997107952
1 2197.0922355770736 0.2032503 0.02180364 0.69896204 -2.97787188 0.88274761 -46.56706183110981 -819.776939182499 -0.002917894527493585
1 1628.1347940757346 0.37510099 0.02349614 0.47181344 -2.5180889 -0.76013019 -284.94583573154955 -1912.0357882406774 -0.11061160484686017
1 1550.9923570764624 0.46542662 0.02128109 0.63652141 0.34507743 -1.23920502 -616.4013181288931 -1006.5846634545984 -5.1488124922430085
1 836.5369018585544 0.38137853 0.0231558 0.78890662 -0.73934771 -2.51576524 -227.5764859994454 -1322.1257164656954 -1.290154611321587
1 831.4997437687815 0.30881566 0.02287566 0.71366691 -0.69972544 -1.77839557 -15.144075275393309 -818.344498849871 -3.048327733290071
1 880.5588993084667 0.44634891 0.02329809 0.62701067 -0.79185863 -2.05306988 -7.306498923114818 -822.4631931831875 -1.7300516624791569
1 861.3818876019557 0.33931805 0.0241329 0.87991482 -0.926444 -1.18158917 -52.61413384161288 -824.0848530754737 -3.8599123913801097
1 3338.131460453291 0.15668044 0.02205032 0.53771386 -2.50517322 -1.74099478 -27.27379376513605 -823.5590943674266 -10.548999469392985
1 1100.6658710365248 0.22155018 0.02423898 0.87777506 -1.42108185 -0.71056759 -952.9329239554263 -2385.1963639432547 -0.0021725546096231225
1 866.3469189081362 0.39395939 0.02205514 0.58958523 -0.68878185 -2.16452856 -18.799114802436197 -1070.2318662630091 -11.63488997107952
1 2197.0922355770736 0.2032503 0.02180364 0.69896204 -2.97787188 0.88274761 -46.56706183110981 -819.776939182499 -0.002917894527493585
1 1628.1347940757346 0.37510099 0.02349614 0.47181344 -2.5180889 -0.76013019 -284.94583573154955 -1912.0357882406774 -0.11061160484686017
1 1550.9923570764624 0.46542662 0.02128109 0.63652141 0.34507743 -1.23920502 -616.4013181288931 -1006.5846634545984 -5.1488124922430085
1 836.5369018585544 0.38137853 0.0231558 0.78890662 -0.73934771 -2.51576524 -227.5764859994454 -1322.1257164656954 -1.290154611321587
